yyyy	mm	dd	sf(m3/s)	sed(t/ha)	orgn(kg/ha)	orgp(kg/ha)	no3n(kg/ha)	nh4n(kg/ha)	no2n(kg/ha)	minp(kg/ha)	solpst(mg/ha)	sorpst(mg/ha)	tp(kg/ha)	tn(kg/ha)	tpst(ppb)
2007	1	1	556	-99	-99	-99	-99	-99	-99	-99	-99	-99	-99	-99	-99
2007	2	1	493	-99	-99	-99	-99	-99	-99	-99	-99	-99	-99	-99	-99
2007	3	1	375	-99	-99	-99	-99	-99	-99	-99	-99	-99	-99	-99	-99
2007	4	1	461	-99	-99	-99	-99	-99	-99	-99	-99	-99	-99	-99	-99
2007	5	1	405	-99	-99	-99	-99	-99	-99	-99	-99	-99	-99	-99	-99
2007	6	1	532	-99	-99	-99	-99	-99	-99	-99	-99	-99	-99	-99	-99
2007	7	1	541	-99	-99	-99	-99	-99	-99	-99	-99	-99	-99	-99	-99
2007	8	1	1450	-99	-99	-99	-99	-99	-99	-99	-99	-99	-99	-99	-99
2007	9	1	1090	-99	-99	-99	-99	-99	-99	-99	-99	-99	-99	-99	-99
2007	10	1	632	-99	-99	-99	-99	-99	-99	-99	-99	-99	-99	-99	-99
2007	11	1	507	-99	-99	-99	-99	-99	-99	-99	-99	-99	-99	-99	-99
2007	12	1	491	-99	-99	-99	-99	-99	-99	-99	-99	-99	-99	-99	-99
2008	1	1	587	-99	-99	-99	-99	-99	-99	-99	-99	-99	-99	-99	-99
2008	2	1	370	-99	-99	-99	-99	-99	-99	-99	-99	-99	-99	-99	-99
2008	3	1	468	-99	-99	-99	-99	-99	-99	-99	-99	-99	-99	-99	-99
2008	4	1	531	-99	-99	-99	-99	-99	-99	-99	-99	-99	-99	-99	-99
2008	5	1	672	-99	-99	-99	-99	-99	-99	-99	-99	-99	-99	-99	-99
2008	6	1	673	-99	-99	-99	-99	-99	-99	-99	-99	-99	-99	-99	-99
2008	7	1	788	-99	-99	-99	-99	-99	-99	-99	-99	-99	-99	-99	-99
2008	8	1	840	-99	-99	-99	-99	-99	-99	-99	-99	-99	-99	-99	-99
2008	9	1	588	-99	-99	-99	-99	-99	-99	-99	-99	-99	-99	-99	-99
2008	10	1	378	-99	-99	-99	-99	-99	-99	-99	-99	-99	-99	-99	-99
2008	11	1	705	-99	-99	-99	-99	-99	-99	-99	-99	-99	-99	-99	-99
2008	12	1	492	-99	-99	-99	-99	-99	-99	-99	-99	-99	-99	-99	-99
2009	1	1	443	-99	-99	-99	-99	-99	-99	-99	-99	-99	-99	-99	-99
2009	2	1	506	-99	-99	-99	-99	-99	-99	-99	-99	-99	-99	-99	-99
2009	3	1	488	-99	-99	-99	-99	-99	-99	-99	-99	-99	-99	-99	-99
2009	4	1	641	-99	-99	-99	-99	-99	-99	-99	-99	-99	-99	-99	-99
2009	5	1	727	-99	-99	-99	-99	-99	-99	-99	-99	-99	-99	-99	-99
2009	6	1	384	-99	-99	-99	-99	-99	-99	-99	-99	-99	-99	-99	-99
2009	7	1	697	-99	-99	-99	-99	-99	-99	-99	-99	-99	-99	-99	-99
2009	8	1	488	-99	-99	-99	-99	-99	-99	-99	-99	-99	-99	-99	-99
2009	9	1	435	-99	-99	-99	-99	-99	-99	-99	-99	-99	-99	-99	-99
2009	10	1	215	-99	-99	-99	-99	-99	-99	-99	-99	-99	-99	-99	-99
2009	11	1	171	-99	-99	-99	-99	-99	-99	-99	-99	-99	-99	-99	-99
2009	12	1	280	-99	-99	-99	-99	-99	-99	-99	-99	-99	-99	-99	-99
2010	1	1	290	-99	-99	-99	-99	-99	-99	-99	-99	-99	-99	-99	-99
2010	2	1	252	-99	-99	-99	-99	-99	-99	-99	-99	-99	-99	-99	-99
2010	3	1	329	-99	-99	-99	-99	-99	-99	-99	-99	-99	-99	-99	-99
2010	4	1	383	-99	-99	-99	-99	-99	-99	-99	-99	-99	-99	-99	-99
2010	5	1	341	-99	-99	-99	-99	-99	-99	-99	-99	-99	-99	-99	-99
2010	6	1	360	-99	-99	-99	-99	-99	-99	-99	-99	-99	-99	-99	-99
2010	7	1	446	-99	-99	-99	-99	-99	-99	-99	-99	-99	-99	-99	-99
2010	8	1	655	-99	-99	-99	-99	-99	-99	-99	-99	-99	-99	-99	-99
2010	9	1	349	-99	-99	-99	-99	-99	-99	-99	-99	-99	-99	-99	-99
2010	10	1	425	-99	-99	-99	-99	-99	-99	-99	-99	-99	-99	-99	-99
2010	11	1	562	-99	-99	-99	-99	-99	-99	-99	-99	-99	-99	-99	-99
2010	12	1	564	-99	-99	-99	-99	-99	-99	-99	-99	-99	-99	-99	-99
2011	1	1	360	-99	-99	-99	-99	-99	-99	-99	-99	-99	-99	-99	-99
2011	2	1	326	-99	-99	-99	-99	-99	-99	-99	-99	-99	-99	-99	-99
2011	3	1	478	-99	-99	-99	-99	-99	-99	-99	-99	-99	-99	-99	-99
2011	4	1	581	-99	-99	-99	-99	-99	-99	-99	-99	-99	-99	-99	-99
2011	5	1	522	-99	-99	-99	-99	-99	-99	-99	-99	-99	-99	-99	-99
2011	6	1	350	-99	-99	-99	-99	-99	-99	-99	-99	-99	-99	-99	-99
2011	7	1	310	-99	-99	-99	-99	-99	-99	-99	-99	-99	-99	-99	-99
2011	8	1	153	-99	-99	-99	-99	-99	-99	-99	-99	-99	-99	-99	-99
2011	9	1	101	-99	-99	-99	-99	-99	-99	-99	-99	-99	-99	-99	-99
2011	10	1	24	-99	-99	-99	-99	-99	-99	-99	-99	-99	-99	-99	-99
2011	11	1	20	-99	-99	-99	-99	-99	-99	-99	-99	-99	-99	-99	-99
2011	12	1	108	-99	-99	-99	-99	-99	-99	-99	-99	-99	-99	-99	-99
2012	1	1	136	-99	-99	-99	-99	-99	-99	-99	-99	-99	-99	-99	-99
2012	2	1	181	-99	-99	-99	-99	-99	-99	-99	-99	-99	-99	-99	-99
2012	3	1	250	-99	-99	-99	-99	-99	-99	-99	-99	-99	-99	-99	-99
2012	4	1	187	-99	-99	-99	-99	-99	-99	-99	-99	-99	-99	-99	-99
2012	5	1	309	-99	-99	-99	-99	-99	-99	-99	-99	-99	-99	-99	-99
2012	6	1	481	-99	-99	-99	-99	-99	-99	-99	-99	-99	-99	-99	-99
2012	7	1	764	-99	-99	-99	-99	-99	-99	-99	-99	-99	-99	-99	-99
2012	8	1	777	-99	-99	-99	-99	-99	-99	-99	-99	-99	-99	-99	-99
2012	9	1	662	-99	-99	-99	-99	-99	-99	-99	-99	-99	-99	-99	-99
2012	10	1	488	-99	-99	-99	-99	-99	-99	-99	-99	-99	-99	-99	-99
2012	11	1	419	-99	-99	-99	-99	-99	-99	-99	-99	-99	-99	-99	-99
2012	12	1	324	-99	-99	-99	-99	-99	-99	-99	-99	-99	-99	-99	-99
2013	1	1	335	-99	-99	-99	-99	-99	-99	-99	-99	-99	-99	-99	-99
2013	2	1	240	-99	-99	-99	-99	-99	-99	-99	-99	-99	-99	-99	-99
2013	3	1	345	-99	-99	-99	-99	-99	-99	-99	-99	-99	-99	-99	-99
2013	4	1	242	-99	-99	-99	-99	-99	-99	-99	-99	-99	-99	-99	-99
2013	5	1	265	-99	-99	-99	-99	-99	-99	-99	-99	-99	-99	-99	-99
2013	6	1	317	-99	-99	-99	-99	-99	-99	-99	-99	-99	-99	-99	-99
2013	7	1	294	-99	-99	-99	-99	-99	-99	-99	-99	-99	-99	-99	-99
2013	8	1	337	-99	-99	-99	-99	-99	-99	-99	-99	-99	-99	-99	-99
2013	9	1	344	-99	-99	-99	-99	-99	-99	-99	-99	-99	-99	-99	-99
2013	10	1	480	-99	-99	-99	-99	-99	-99	-99	-99	-99	-99	-99	-99
2013	11	1	490	-99	-99	-99	-99	-99	-99	-99	-99	-99	-99	-99	-99
2013	12	1	371	-99	-99	-99	-99	-99	-99	-99	-99	-99	-99	-99	-99
2014	1	1	242	-99	-99	-99	-99	-99	-99	-99	-99	-99	-99	-99	-99
2014	2	1	224	-99	-99	-99	-99	-99	-99	-99	-99	-99	-99	-99	-99
2014	3	1	288	-99	-99	-99	-99	-99	-99	-99	-99	-99	-99	-99	-99
2014	4	1	245	-99	-99	-99	-99	-99	-99	-99	-99	-99	-99	-99	-99
2014	5	1	399	-99	-99	-99	-99	-99	-99	-99	-99	-99	-99	-99	-99
2014	6	1	530	-99	-99	-99	-99	-99	-99	-99	-99	-99	-99	-99	-99
2014	7	1	630	-99	-99	-99	-99	-99	-99	-99	-99	-99	-99	-99	-99
2014	8	1	886	-99	-99	-99	-99	-99	-99	-99	-99	-99	-99	-99	-99
2014	9	1	1230	-99	-99	-99	-99	-99	-99	-99	-99	-99	-99	-99	-99
2014	10	1	832	-99	-99	-99	-99	-99	-99	-99	-99	-99	-99	-99	-99
2014	11	1	541	-99	-99	-99	-99	-99	-99	-99	-99	-99	-99	-99	-99
2014	12	1	386	-99	-99	-99	-99	-99	-99	-99	-99	-99	-99	-99	-99
2015	1	1	331	-99	-99	-99	-99	-99	-99	-99	-99	-99	-99	-99	-99
2015	2	1	257	-99	-99	-99	-99	-99	-99	-99	-99	-99	-99	-99	-99
2015	3	1	440	-99	-99	-99	-99	-99	-99	-99	-99	-99	-99	-99	-99
2015	4	1	448	-99	-99	-99	-99	-99	-99	-99	-99	-99	-99	-99	-99
2015	5	1	638	-99	-99	-99	-99	-99	-99	-99	-99	-99	-99	-99	-99
2015	6	1	780	-99	-99	-99	-99	-99	-99	-99	-99	-99	-99	-99	-99
2015	7	1	702	-99	-99	-99	-99	-99	-99	-99	-99	-99	-99	-99	-99
2015	8	1	788	-99	-99	-99	-99	-99	-99	-99	-99	-99	-99	-99	-99
2015	9	1	1070	-99	-99	-99	-99	-99	-99	-99	-99	-99	-99	-99	-99
2015	10	1	883	-99	-99	-99	-99	-99	-99	-99	-99	-99	-99	-99	-99
2015	11	1	667	-99	-99	-99	-99	-99	-99	-99	-99	-99	-99	-99	-99
2015	12	1	448	-99	-99	-99	-99	-99	-99	-99	-99	-99	-99	-99	-99
2016	1	1	371	-99	-99	-99	-99	-99	-99	-99	-99	-99	-99	-99	-99
2016	2	1	398	-99	-99	-99	-99	-99	-99	-99	-99	-99	-99	-99	-99
2016	3	1	399	-99	-99	-99	-99	-99	-99	-99	-99	-99	-99	-99	-99
2016	4	1	476	-99	-99	-99	-99	-99	-99	-99	-99	-99	-99	-99	-99
2016	5	1	680	-99	-99	-99	-99	-99	-99	-99	-99	-99	-99	-99	-99
2016	6	1	691	-99	-99	-99	-99	-99	-99	-99	-99	-99	-99	-99	-99
2016	7	1	762	-99	-99	-99	-99	-99	-99	-99	-99	-99	-99	-99	-99
2016	8	1	503	-99	-99	-99	-99	-99	-99	-99	-99	-99	-99	-99	-99
2016	9	1	400	-99	-99	-99	-99	-99	-99	-99	-99	-99	-99	-99	-99
2016	10	1	291	-99	-99	-99	-99	-99	-99	-99	-99	-99	-99	-99	-99
2016	11	1	148	-99	-99	-99	-99	-99	-99	-99	-99	-99	-99	-99	-99
2016	12	1	131	-99	-99	-99	-99	-99	-99	-99	-99	-99	-99	-99	-99
